CP: 87.40 $\pm$ 5.10; 45.02 s/epoch
0 0.8780487804878049
1 0.9024390243902439
2 0.8780487804878049
3 0.8780487804878049
4 0.8536585365853658
5 0.925
6 0.875
7 0.85
8 0.825
9 0.875

Tucker: 86.91$\pm$4.41; 44.71 s/epoch
0 0.8536585365853658
1 0.8780487804878049
2 0.8780487804878049
3 0.8780487804878049
4 0.8780487804878049
5 0.9
6 0.875
7 0.85
8 0.825
9 0.875

TT: 86.91$\pm$3.98; 36.28 s/epoch
0 0.8292682926829268
1 0.8780487804878049
2 0.8780487804878049
3 0.8780487804878049
4 0.9024390243902439
5 0.9
6 0.85
7 0.85
8 0.85
9 0.875