PTC_FM Average: 0.69336134453
0 0.7142857142857143
1 0.6571428571428571
2 0.7142857142857143
3 0.7142857142857143
4 0.7142857142857143
5 0.7142857142857143
6 0.6857142857142857
7 0.6571428571428571
8 0.6857142857142857
9 0.6764705882352942

PTC_FR Average: 0.7323015873
PTC_FR 0 0.6944444444444444
PTC_FR 1 0.7428571428571429
PTC_FR 2 0.7428571428571429
PTC_FR 3 0.7142857142857143
PTC_FR 4 0.7714285714285715
PTC_FR 5 0.6857142857142857
PTC_FR 6 0.7714285714285715
PTC_FR 7 0.6857142857142857
PTC_FR 8 0.7142857142857143
PTC_FR 9 0.8